1 F 1 0 0 0 1 1 1 1 F 1 0 0 0 0 0 1 2 3 3 F 1 1 2 3 F 2 F 1 
3 3 2 0 0 0 1 F 2 2 2 2 1 1 1 1 1 1 F F F 4 4 3 F F 2 2 1 1 
F F 1 0 0 0 1 1 2 F 1 1 F 1 2 F 2 2 3 4 3 F F F 3 3 2 1 0 0 
2 2 1 0 0 0 0 0 1 1 1 1 1 2 3 F 2 1 F 1 1 2 4 3 3 2 F 2 1 0 
0 1 1 2 1 1 0 0 0 1 1 1 0 1 F 2 1 2 2 3 1 1 1 F 3 F 4 F 1 0 
0 1 F 2 F 1 0 0 0 1 F 1 1 2 3 3 2 3 F 3 F 1 1 2 F 3 F 2 1 0 
0 1 2 3 2 1 1 1 1 2 2 3 3 F 3 F F 3 F 5 4 3 1 1 2 3 2 1 0 0 
0 0 1 F 3 3 3 F 1 2 F 3 F F 3 2 2 2 2 F F F 3 1 3 F 3 1 1 1 
0 0 1 3 F F F 2 1 2 F 3 2 2 1 0 0 0 1 2 4 F 3 F 5 F F 1 1 F 
0 0 0 3 F F 3 1 0 1 1 1 0 0 0 0 0 0 0 0 1 2 3 3 F F 4 2 2 1 
0 1 1 3 F 3 2 2 2 1 1 2 3 3 2 1 0 1 1 1 0 1 F 2 3 3 3 F 1 0 
1 2 F 3 2 2 1 F F 3 2 F F F F 1 1 2 F 2 1 1 1 1 1 F 3 2 3 1 
F 3 3 3 F 1 1 3 F F 2 2 3 3 2 1 1 F 4 F 2 0 0 0 1 2 3 F 2 F 
2 F 3 F 4 2 0 2 4 4 2 0 0 0 1 1 3 2 4 F 3 1 0 1 2 3 F 3 4 2 
1 2 4 F F 2 1 2 F F 2 1 0 0 1 F 2 F 2 2 F 1 0 2 F F 4 F 3 F 
0 1 F 3 2 2 F 2 2 3 F 1 0 0 1 1 2 1 1 1 1 1 0 2 F . . . . . 
